4294967278,559
4294967279,127
4294967279,126
4294967279,125
4294967279,124
4294967279,365
4294967278,303
4294967294,61
4294967294,165
4294967294,24
4294967294,113
4294967294,112
4294967294,167
4294967294,162
4294967279,123
4294967279,364
4294967278,275
4294967279,122
4294967279,274
4294967279,121
4294967278,302
4294967279,303
4294967278,301
4294967279,120
4294967279,302
4294967278,300
4294967279,119
4294967279,363
4294967278,317
4294967279,118
4294967279,301
4294967278,299
4294967279,381
4294967279,117
4294967278,568
4294967279,116
4294967279,380
4294967278,539
4294967279,115
4294967278,537
4294967279,333
4294967279,114
4294967278,558
4294967279,362
4294967279,113
4294967278,536
4294967279,300
4294967279,112
4294967278,298
4294967279,298
4294967279,111
4294967279,361
4294967278,296
4294967279,110
43,5
4294967278,567
4294967279,109
4294967279,379
4294967278,311
4294967279,377
4294967279,108
4294967278,563
4294967279,360
4294967279,107
4294967278,533
4294967279,295
4294967279,106
4294967278,295
4294967279,294
4294967279,105
4294967278,294
4294967279,293
4294967279,104
4294967279,103
4294967279,102
4294967278,293
4294967279,332
4294967278,557
4294967279,162
4294967279,101
4294967279,100
4294967279,99
4294967279,98
4294967279,97
4294967279,96
4294967279,95
4294967279,94
4294967279,93
4294967278,305
4294967294,1412
4294967294,173
4294967294,182
4294967294,170
4294967294,962
4294967279,292
4294967279,257
4294967294,89
4294967279,216
4294967279,346
4294967279,0
4294967279,154
4294967279,149
46,6
4294967279,151
46,5
46,4
4294967279,150
46,3
46,2
46,1
4294967279,327
4294967278,50
4294967278,49
4294967279,92
4294967279,91
4294967279,90
4294967279,89
4294967279,87
4294967279,86
4294967279,85
4294967279,84
4294967279,83
4294967279,82
4294967279,81
4294967279,80
4294967279,79
4294967279,78
4294967279,77
4294967279,76
4294967279,75
4294967279,74
4294967279,73
4294967279,72
4294967279,71
4294967279,326
4294967279,146
4294967279,290
4294967279,145
4294967294,1
4294967294,972
4294967294,966
4294967279,144
4294967279,325
4294967279,143
4294967279,141
45,5
4294967279,140
45,4
45,2
45,1
4294967279,139
4294967279,322
4294967279,273
4294967279,136
4294967279,135
4294967279,134
44,4
44,2
44,1
4294967279,133
4294967294,389
4294967294,115
4294967294,114
43,4
4294967279,321
4294967279,280
4294967294,40
4294967294,38
4294967279,279
4294967279,376
4294967279,268
4294967279,265
43,8
4294967279,264
4294967279,263
43,3
43,2
43,1
4294967278,575
4294967279,262
4294967279,261
4294967279,276
31,2
4294967278,67
4294967278,66
4294967278,65
4294967278,64
4294967278,63
4294967278,62
4294967278,57
4294967278,56
4294967278,55
4294967278,51
4294967278,278
37,3
4294967279,254
37,2
4294967294,107
31,3
4294967294,120
4294967294,91
4294967294,86
4294967294,85
4294967294,947
4294967294,53
4294967294,45
4294967294,427
4294967294,99
4294967294,36
4294967294,41
4294967294,441
4294967294,135
4294967294,426
4294967294,428
4294967294,1409
4294967294,1410
4294967294,1414
4294967294,1408
4294967294,429
4294967294,148
4294967294,422
4294967294,425
4294967294,445
4294967294,442
4294967278,565
4294967278,564
31,5
4294967278,550
4294967278,319
4294967278,254
4294967278,574
4294967278,316
37,4
31,4
4294967278,77
4294967278,76
4294967278,75
4294967278,253
4294967278,573
4294967278,252
4294967278,249
4294967278,248
4294967278,245
4294967278,80
4294967278,79
4294967278,78
4294967278,244
28,2
4294967278,572
4294967278,83
4294967278,82
4294967278,81
4294967278,241
28,4
4294967278,87
4294967278,86
4294967278,85
4294967278,84
4294967278,239
4294967278,237
4294967278,314
31,7
31,1
4294967278,235
4294967278,233
4294967278,230
4294967278,107
4294967278,106
4294967278,105
4294967278,104
4294967278,103
4294967278,102
4294967278,98
4294967278,96
4294967278,562
25,2
4294967278,226
4294967278,224
4294967278,222
4294967278,220
4294967278,218
4294967278,216
4294967278,214
4294967278,213
4294967278,212
4294967278,210
4294967278,200
4294967278,199
4294967278,198
4294967278,197
4294967278,195
4294967278,194
4294967278,192
4294967278,191
4294967278,190
4294967279,182
25,4
4294967278,119
4294967278,117
4294967278,116
4294967278,115
4294967278,114
4294967278,113
4294967278,112
4294967279,334
24,2
4294967294,5
4294967279,180
4294967278,179
4294967279,179
4294967278,178
4294967279,178
4294967278,535
4294967279,299
4294967294,6
4294967279,176
24,4
4294967278,124
4294967278,123
4294967278,122
4294967278,121
4294967278,120
4294967278,297
